 2  6  7  9  4  1  8  5  34900 
 4  2  5  1  8  0  7  9  68206 
 8  2  6  5  3  7  4  0  25613 
 7  3  5  1  2  9  0  6  19282 
 1  9  5  3  6  7  4  0  58888 
 7  6  1  4  0  5  2  3  2977 
 0  6  7  4  9  1  3  2  81952 
 8  5  3  4  2  7  6  9  16060 
 6  4  1  2  8  5  7  9  70163 
 3  8  4  6  1  0  7  5  5561 
 7  9  0  6  4  8  2  5  35360 
 2  9  6  5  4  1  0  7  34623 
 8  0  3  7  6  9  2  5  54348 
 9  1  4  8  7  2  3  5  56036 
 9  4  2  6  7  3  0  8  56518 
 8  3  2  6  5  1  4  9  37770 
 7  2  8  5  4  6  9  0  34843 
 9  3  2  1  7  4  0  8  57514 
 5  4  2  8  0  3  1  9  2493 
 0  5  1  3  9  2  4  6  82398 
 9  1  7  0  5  2  8  3  38262 
 6  8  2  4  3  0  9  5  20363 
 0  1  9  8  6  5  2  3  59194 
 9  7  3  1  2  4  6  8  12180 
 3  4  5  2  6  7  0  1  57385 
 7  5  2  3  8  4  9  6  68238 
 0  4  5  3  7  2  8  9  64812 
 7  2  1  5  0  3  8  4  4473 
 5  2  4  0  1  6  9  8  9496 
 9  0  1  7  2  4  3  8  12661 
 3  5  6  2  8  0  7  9  69022 
 1  7  8  4  0  2  3  5  854 
 1  8  9  3  4  2  6  0  36819 
 6  9  1  7  3  4  8  5  23789 
 7  0  2  4  9  8  5  1  81327 
 9  1  7  3  0  6  2  4  3080 
 7  4  8  1  9  6  0  5  79760 
 5  7  3  8  1  4  9  0  7135 
 8  0  2  5  4  7  3  6  34451 
 2  8  1  4  0  6  9  3  2671 
 7  5  1  4  8  3  6  2  67273 
 0  9  4  8  7  3  6  2  65175 
 8  1  3  9  5  4  0  2  40772 
 0  8  6  2  4  9  1  7  43907 
 8  3  1  2  9  5  6  7  77262 
 2  9  0  3  5  4  7  8  45716 
 1  0  3  9  6  5  8  2  57683 
 8  9  6  3  5  2  0  4  38522 
 2  8  3  4  5  6  1  9  47937 
 6  2  0  3  4  9  7  8  37853 
 8  3  5  1  2  6  4  0  15536 
 9  0  4  3  6  8  5  7  52514 
 0  7  9  4  2  8  5  3  25322 
 8  7  5  1  3  2  9  0  20522 
 7  1  8  4  5  3  9  0  41235 
 7  4  1  8  6  3  9  5  49333 
 2  5  4  6  1  8  0  3  14102 
 1  0  9  5  3  2  8  6  28531 
 4  9  2  5  0  1  3  6  3768 
 0  5  7  6  9  3  2  1  83850 
 0  8  2  1  4  7  9  6  41667 
 3  2  8  7  5  0  9  6  42447 
 9  4  2  0  7  3  1  6  56512 
 0  4  6  2  8  5  7  1  76605 
 0  7  4  9  1  5  3  8  13192 
 8  1  0  7  3  4  6  2  22444 
 0  7  4  8  1  6  5  9  14074 
 6  0  7  3  9  1  8  4  76451 
 1  2  4  3  9  0  7  6  80111 
 0  1  6  2  3  5  8  4  31871 
 9  3  0  7  8  5  4  6  67186 
 8  7  0  3  1  9  5  2  8412 
 3  4  1  7  9  0  8  6  77645 
 3  9  6  1  2  4  7  5  18255 
 8  5  0  2  6  9  1  4  53637 
 6  4  0  3  2  1  7  8  12471 
 4  5  1  0  7  9  6  2  66677 
 0  9  6  4  7  1  3  5  63592 
 9  5  1  2  4  7  6  8  32881 
 5  2  9  4  0  3  1  6  1680 
 2  5  9  1  3  6  8  4  30678 
 1  9  2  0  3  5  8  4  29785 
 1  9  6  5  4  7  8  0  40936 
 4  8  6  2  3  7  9  5  29025 
 4  6  5  3  7  8  1  2  66093 
 4  5  6  2  9  1  7  3  77916 
 8  9  0  4  7  5  6  2  58619 
 7  3  9  2  1  5  8  4  6959 
 7  6  9  3  0  8  4  2  423 
 2  9  1  8  4  5  0  3  37766 
 9  5  8  6  3  1  0  7  19166 
 3  8  2  4  5  6  0  1  46849 
 9  2  3  5  4  6  0  8  32491 
 1  3  5  8  7  6  0  9  67578 
 1  8  7  5  6  0  4  9  52866 
 9  6  3  1  4  7  5  2  32975 
 8  1  4  7  3  9  6  5  27307 
 8  4  2  7  0  6  3  1  2820 
 7  3  1  0  6  4  2  5  50402 
 8  7  0  3  2  9  1  6  17456 
Average: 39642
Max vector:  0  5  7  6  9  3  2  1 fitness 83850
Min vector:  7  6  9  3  0  8  4  2 fitness 423
Probability:
*0 - 9.88 per cent
*1 - 9.62 per cent
*2 - 10.12 per cent
*3 - 10.12 per cent
*4 - 10.62 per cent
*5 - 9.88 per cent
*6 - 9.88 per cent
*7 - 9.50 per cent
*8 - 10.12 per cent
*9 - 10.25 per cent

Tournament Method
The maximum element by Tournament Method 1680
 3  9  1  5  2  7  4  8  20534 
 9  3  2  6  8  5  4  1  67362 
 0  3  4  6  1  5  8  9  13510 
 9  4  5  8  3  6  2  1  23459 
 8  3  9  6  7  2  0  4  57335 
 3  7  8  1  2  6  0  5  20487 
 6  1  5  2  3  9  7  0  29387 
 7  6  3  1  9  4  5  2  77275 
 0  4  3  9  5  8  2  7  52084 
 6  5  4  3  2  1  0  9  12811 
 3  5  7  6  9  4  2  8  81757 
 6  3  2  1  0  7  5  4  160 
 2  5  9  0  3  1  4  7  26222 
 8  5  1  2  9  0  3  6  72609 
 9  4  8  1  7  6  3  0  59725 
 1  9  3  0  5  7  8  4  49675 
 9  3  4  8  2  6  0  1  14480 
 0  2  7  5  9  4  1  6  85039 
 9  0  4  3  7  8  2  5  61542 
 8  0  5  2  7  9  1  4  63542 
 3  7  9  2  1  8  6  4  13315 
 5  6  4  9  1  7  0  3  10108 
 4  8  7  2  3  0  6  5  22845 
 2  4  9  3  1  7  0  5  13748 
 3  8  6  2  9  7  0  4  84114 
 8  2  3  9  6  0  7  5  46014 
 7  3  9  8  6  2  5  1  49280 
 2  0  9  3  4  8  6  5  41952 
 1  3  8  5  4  6  2  0  40822 
 8  2  5  3  6  7  9  0  52475 
 1  6  5  9  4  0  3  7  34872 
 3  7  5  4  6  9  8  2  58831 
 6  8  1  5  0  4  2  9  3054 
 3  6  7  2  1  0  5  4  6036 
 9  6  7  4  3  5  1  0  22570 
 6  0  5  9  8  7  2  3  72724 
 2  3  1  9  5  7  4  6  49074 
 8  4  5  0  6  1  9  3  46899 
 2  1  3  5  0  7  4  9  4443 
 3  7  1  6  2  0  8  9  14376 
 3  2  8  4  5  6  9  1  47845 
 2  4  3  1  8  6  0  9  75314 
 1  8  0  4  5  3  2  9  45957 
 5  9  8  0  3  4  7  6  25437 
 0  2  5  3  1  9  6  7  17312 
 7  1  8  0  2  3  4  6  14295 
 2  5  4  0  8  7  6  3  76148 
 2  5  0  6  3  4  7  1  28070 
 3  7  5  0  4  8  9  6  39929 
 4  2  6  7  5  1  8  9  42180 
 6  3  4  9  8  1  7  5  66913 
 9  7  1  8  3  6  4  5  22810 
 7  9  0  6  3  2  4  8  20943 
 3  0  1  9  8  2  6  5  70826 
 7  9  1  5  4  6  0  2  33668 
 6  2  3  4  8  5  7  1  70515 
 3  2  1  4  0  8  7  5  4039 
 9  2  5  4  1  3  0  7  2971 
 9  6  7  1  3  0  4  5  18048 
 7  5  3  9  8  4  6  1  68347 
 4  2  8  0  7  9  1  6  67634 
 9  5  7  6  8  3  4  0  65829 
 0  2  7  5  9  4  3  1  85014 
 3  9  8  7  4  6  0  1  38295 
 5  8  0  6  1  9  7  3  11299 
 6  9  1  3  7  4  2  8  59856 
 0  6  7  2  9  1  8  4  81906 
 7  2  4  3  1  9  0  6  10281 
 4  3  9  8  0  1  5  2  2619 
 8  3  4  1  7  0  5  2  55038 
 6  3  5  1  7  4  8  2  60698 
 0  5  6  1  3  4  2  9  30673 
 6  8  9  0  7  3  4  5  59747 
 6  5  2  0  9  7  1  8  81023 
 7  0  5  8  9  4  6  2  77984 
 5  0  7  9  8  4  6  3  71164 
 6  4  7  9  2  5  0  8  16765 
 4  7  5  0  8  3  9  1  70424 
 2  6  9  3  1  4  5  7  10818 
 2  0  5  3  7  1  4  8  62315 
 0  2  8  3  6  9  1  4  62629 
 8  0  6  9  1  3  7  4  4165 
 3  7  6  2  8  5  4  1  73362 
 2  5  4  8  1  0  7  3  6830 
 7  8  9  0  4  1  2  5  29967 
 7  8  4  2  9  0  6  3  73573 
 8  4  1  5  0  7  9  2  2067 
 2  1  7  5  6  4  9  0  56044 
 7  9  2  5  8  1  4  3  65219 
 6  5  0  1  8  9  2  3  73627 
 0  5  4  2  1  8  9  7  16020 
 1  5  7  0  3  8  6  4  33319 
 3  1  9  5  8  6  0  2  75116 
 8  7  9  0  2  5  4  3  14636 
 4  9  3  8  6  1  2  5  50328 
 3  9  8  7  4  0  5  2  32846 
 9  3  8  5  0  2  6  7  6811 
 4  1  0  5  7  2  9  6  60620 
 4  0  3  5  8  1  7  2  69097 
 3  2  9  0  7  8  5  1  67779 
Average: 42615
Max vector:  0  2  7  5  9  4  1  6 fitness 85039
Min vector:  6  3  2  1  0  7  5  4 fitness 160
Probability:
*0 - 9.88 per cent
*1 - 9.50 per cent
*2 - 9.88 per cent
*3 - 10.62 per cent
*4 - 10.50 per cent
*5 - 10.38 per cent
*6 - 9.38 per cent
*7 - 10.00 per cent
*8 - 9.50 per cent
*9 - 10.38 per cent

Tournament Method
The maximum element by Tournament Method 67362
 1  8  4  9  3  0  5  7  25580 
 1  4  2  6  0  8  9  3  5923 
 7  5  3  9  1  4  8  6  5332 
 3  8  4  2  6  5  9  1  55041 
 6  3  2  7  8  5  9  1  70311 
 5  3  8  1  9  6  0  2  81848 
 8  5  4  9  6  7  1  2  52188 
 8  4  3  6  2  9  1  0  17990 
 4  1  5  7  6  9  3  2  58424 
 4  2  6  5  1  7  9  3  11566 
 7  1  4  9  2  0  3  6  11236 
 9  4  0  2  7  8  5  1  60785 
 2  8  6  3  9  5  7  4  83243 
 6  9  2  8  5  0  4  3  38316 
 2  0  1  5  8  9  6  4  78129 
 4  7  6  2  5  3  8  0  43521 
 2  4  0  3  7  9  1  8  68731 
 1  9  0  7  5  4  8  6  46700 
 6  1  8  9  7  3  4  0  60280 
 3  0  6  9  2  7  4  8  21799 
 0  6  2  3  8  9  5  4  79685 
 8  9  5  2  0  3  4  6  5705 
 4  2  7  8  9  1  5  6  78296 
 9  8  4  3  1  2  5  0  1379 
 4  2  5  0  7  8  3  6  66444 
 8  2  1  9  4  0  5  6  27855 
 9  1  7  4  2  5  8  0  13955 
 5  9  0  6  1  3  2  8  5863 
 4  9  2  7  0  8  6  1  2495 
 6  7  8  1  2  4  3  5  15657 
 5  4  1  7  6  8  3  2  55891 
 3  6  4  8  7  2  1  9  61605 
 3  4  0  9  6  8  1  2  57819 
 9  4  2  1  7  5  3  0  58285 
 2  3  6  9  4  7  5  1  40509 
 8  3  9  0  2  4  1  5  14132 
 1  0  3  8  2  9  4  5  25327 
 3  7  9  5  4  8  6  0  40308 
 8  4  2  1  6  9  5  3  53868 
 3  5  0  4  9  7  8  6  83767 
 6  5  1  7  8  2  3  4  67402 
 5  4  6  9  2  1  3  8  14045 
 2  1  9  0  6  8  4  5  59884 
 9  6  7  0  4  1  8  5  27909 
 0  1  5  4  6  8  7  2  61487 
 9  4  5  7  3  2  6  1  19820 
 5  2  9  8  4  6  7  0  36950 
 3  4  7  8  5  2  6  9  44007 
 3  7  2  0  6  1  4  5  51408 
 3  8  0  9  1  2  6  5  7008 
 5  7  9  6  0  8  2  3  2350 
 1  9  5  6  4  7  3  0  40895 
 8  6  3  0  7  5  4  2  59186 
 3  6  9  5  8  0  4  1  69220 
 4  7  0  8  3  6  1  9  27754 
 0  6  8  1  3  5  2  7  31660 
 6  1  2  3  9  8  0  5  82291 
 5  4  3  8  0  7  9  1  1109 
 9  8  2  3  0  6  4  1  4190 
 2  6  7  0  4  9  3  1  42155 
 7  9  8  0  3  4  6  5  23446 
 4  2  3  1  9  6  8  5  82412 
 0  4  7  5  8  9  1  2  80353 
 2  5  3  8  4  6  9  0  39117 
 7  6  0  4  2  3  8  5  13075 
 3  8  1  9  0  5  4  7  820 
 7  3  4  2  5  6  0  9  43494 
 1  2  6  9  7  3  5  8  65007 
 7  8  5  6  0  1  2  4  6400 
 7  6  8  2  1  5  3  9  6651 
 9  6  8  0  3  2  1  5  19969 
 3  1  6  7  4  0  9  2  33354 
 7  3  4  5  2  1  6  8  11930 
 2  3  9  8  7  1  4  6  62395 
 1  7  6  8  5  2  0  3  45698 
 3  9  7  1  0  4  8  5  335 
 2  5  8  6  1  4  0  3  10862 
 1  6  5  8  3  7  0  2  32198 
 8  3  9  7  6  0  5  4  46484 
 4  9  5  7  6  8  1  3  56817 
 1  7  3  9  5  8  6  2  50766 
 3  6  5  8  7  2  4  0  61656 
 4  8  6  3  9  0  2  1  76790 
 9  8  4  0  7  6  5  3  58985 
 3  9  0  7  8  2  6  1  69915 
 1  4  2  0  3  9  5  8  33874 
 6  1  4  9  7  5  3  8  61738 
 3  5  2  4  0  7  8  1  2942 
 9  2  4  0  6  3  5  8  47836 
 5  4  8  3  6  9  0  2  57455 
 3  7  0  1  9  4  8  5  80887 
 5  2  9  3  4  1  6  7  32472 
 2  4  9  3  0  5  7  8  2881 
 9  2  5  3  1  7  6  0  6505 
 1  5  0  9  8  7  4  6  76802 
 4  1  2  7  3  0  5  6  23038 
 6  4  5  2  0  9  1  8  2182 
 4  2  0  1  7  8  3  5  65992 
 4  5  0  6  8  1  2  3  68422 
 9  4  2  1  6  7  8  5  51040 
Average: 40495
Max vector:  3  5  0  4  9  7  8  6 fitness 83767
Min vector:  3  9  7  1  0  4  8  5 fitness 335
Probability:
*0 - 9.12 per cent
*1 - 9.62 per cent
*2 - 10.00 per cent
*3 - 10.38 per cent
*4 - 10.62 per cent
*5 - 10.50 per cent
*6 - 10.38 per cent
*7 - 8.62 per cent
*8 - 10.75 per cent
*9 - 10.00 per cent

Tournament Method
The maximum element by Tournament Method 5923
 5  6  8  4  7  1  9  0  58980 
 4  1  6  0  9  7  2  3  83732 
 2  8  6  5  9  7  0  1  85108 
 6  1  0  7  5  3  8  2  41524 
 8  7  4  2  6  5  9  3  50134 
 6  1  7  4  8  9  2  3  74618 
 8  7  9  4  3  5  1  6  23665 
 6  1  8  0  9  7  5  3  81882 
 7  5  4  6  9  8  2  3  81082 
 6  1  8  7  0  4  9  3  1865 
 7  3  6  0  1  9  8  4  10291 
 8  6  9  7  3  4  0  5  22862 
 9  7  4  0  2  1  3  8  9601 
 7  9  2  1  0  5  3  4  3166 
 1  6  2  4  5  7  0  8  49938 
 1  0  8  6  4  9  7  5  43749 
 0  3  2  4  7  1  6  9  63752 
 3  6  1  5  7  0  9  2  59451 
 2  7  8  3  6  9  1  4  60174 
 2  0  3  1  9  4  6  5  82814 
 8  9  1  5  6  4  0  2  48868 
 8  2  4  5  1  3  6  9  3822 
 8  0  1  6  3  2  4  9  20853 
 0  8  9  4  6  2  3  7  55855 
 3  1  8  5  6  0  2  4  51608 
 5  0  2  8  4  3  9  6  33788 
 7  5  4  9  8  2  1  0  66686 
 6  8  7  4  5  9  2  3  46981 
 6  8  5  9  7  3  1  2  59405 
 1  3  4  8  5  2  0  9  45888 
 3  4  8  6  1  0  2  7  6337 
 2  3  8  6  0  5  4  7  2908 
 3  4  5  7  0  6  9  1  2390 
 8  6  0  7  2  1  3  9  10326 
 5  8  1  2  3  0  9  4  21274 
 6  0  8  5  1  2  9  7  5432 
 1  6  0  8  2  9  3  4  24520 
 7  2  0  1  5  6  3  9  43196 
 8  1  5  9  2  6  7  4  15684 
 8  2  1  0  3  9  5  7  26965 
 5  1  0  7  9  8  6  2  83044 
 4  3  8  9  0  5  7  1  869 
 9  4  2  6  3  8  1  7  25007 
 3  9  4  8  1  6  2  5  10918 
 2  7  9  4  0  1  5  6  975 
 4  9  6  1  0  3  7  2  1648 
 2  5  9  8  0  1  4  3  790 
 2  8  5  7  3  1  0  4  25619 
 3  5  2  1  6  7  8  9  56953 
 2  5  9  4  3  0  8  7  25278 
 0  3  8  7  5  4  9  1  48951 
 3  5  2  9  1  0  6  8  5664 
 5  0  6  3  9  7  2  4  82821 
 3  8  6  7  9  2  0  1  79606 
 0  9  6  5  2  3  1  4  20410 
 1  8  2  9  3  6  0  5  30848 
 4  8  5  3  0  2  6  1  2540 
 7  9  3  2  5  1  6  8  38297 
 5  0  9  6  2  1  4  7  14671 
 9  3  8  7  4  5  1  6  31936 
 1  7  4  3  2  6  8  9  22049 
 6  1  8  5  0  9  2  7  2711 
 1  3  0  8  6  2  7  4  54453 
 3  7  8  6  4  9  5  2  41129 
 0  1  7  6  9  2  3  5  83308 
 3  8  4  2  9  1  7  6  78466 
 4  0  9  7  6  5  2  1  55284 
 5  4  9  0  7  3  8  1  61067 
 8  2  6  5  0  1  9  4  6833 
 7  4  0  5  6  2  9  3  48344 
 4  1  9  2  7  0  3  8  59695 
 1  5  7  4  0  9  6  3  7214 
 5  9  6  2  8  1  0  4  67623 
 1  4  0  2  5  3  6  9  46283 
 2  1  5  7  3  9  8  6  33378 
 3  5  1  4  6  9  8  7  58658 
 3  6  1  4  8  5  2  9  73029 
 4  5  6  7  0  8  2  9  3267 
 9  1  7  8  3  0  5  4  18485 
 9  4  7  2  8  3  6  0  65904 
 7  9  8  5  0  2  3  6  5328 
 1  2  8  6  4  9  3  5  43607 
 6  4  8  2  9  0  3  7  75331 
 0  3  9  2  5  6  7  4  50869 
 4  7  6  8  5  9  2  0  48975 
 7  3  0  1  5  9  8  2  45748 
 8  3  7  0  5  6  2  1  42738 
 1  3  4  6  2  7  8  5  23306 
 8  1  5  0  7  4  3  9  58938 
 5  0  1  8  9  6  2  7  81469 
 9  0  4  5  6  2  7  1  47086 
 3  6  5  8  7  4  9  0  63406 
 2  7  5  8  0  9  4  3  5868 
 6  1  4  3  2  0  5  7  12223 
 1  0  4  6  9  3  2  8  83042 
 5  9  3  2  0  4  6  8  2003 
 0  3  1  5  7  8  4  6  69978 
 6  0  8  3  9  4  1  2  79309 
 2  0  5  8  9  6  1  7  84839 
 1  2  3  7  9  5  4  6  84547 
Average: 40638
Max vector:  2  8  6  5  9  7  0  1 fitness 85108
Min vector:  2  5  9  8  0  1  4  3 fitness 790
Probability:
*0 - 9.62 per cent
*1 - 10.00 per cent
*2 - 10.25 per cent
*3 - 10.00 per cent
*4 - 9.62 per cent
*5 - 9.62 per cent
*6 - 10.38 per cent
*7 - 9.62 per cent
*8 - 9.88 per cent
*9 - 11.00 per cent

Tournament Method
The maximum element by Tournament Method 59451
 2  5  6  7  9  0  3  8  79056 
 7  2  5  8  0  4  6  1  3199 
 5  6  1  2  3  7  9  0  27752 
 7  8  0  1  6  9  4  2  54333 
 3  9  2  4  8  6  0  7  73764 
 6  9  8  3  0  2  5  7  4345 
 0  8  6  1  4  5  2  9  40300 
 3  8  2  0  5  7  6  9  47701 
 9  0  1  3  2  4  7  8  12625 
 8  6  2  0  1  4  9  7  4151 
 3  8  9  5  4  6  2  1  38458 
 3  5  2  9  8  4  6  7  72263 
 6  9  7  3  4  5  8  1  34229 
 2  3  4  8  6  0  7  1  52010 
 1  9  5  2  3  4  0  7  29236 
 4  0  8  7  5  2  6  9  43462 
 4  8  3  6  2  9  0  5  21641 
 6  0  8  5  3  9  2  7  29802 
 9  0  3  5  1  8  4  2  7427 
 0  3  9  7  1  2  5  4  11284 
 7  8  4  3  0  9  5  6  685 
 6  9  4  1  2  5  7  3  15973 
 3  5  1  2  6  7  4  8  56901 
 9  2  6  5  8  7  4  0  69613 
 6  4  5  3  2  0  8  7  12010 
 4  7  3  2  9  0  6  8  76579 
 8  5  6  7  1  9  4  2  9140 
 2  6  0  8  1  7  3  9  12725 
 8  4  0  6  3  2  7  1  20361 
 0  8  6  7  3  2  1  9  28604 
 0  3  4  1  8  6  9  2  77398 
 3  7  4  5  1  8  0  9  12927 
 7  5  0  1  2  8  4  3  17707 
 1  7  0  8  5  9  3  4  51429 
 3  1  4  0  6  9  8  7  59296 
 7  1  6  4  0  3  8  5  3930 
 1  9  0  8  7  4  2  5  64758 
 3  2  0  5  6  4  9  1  54324 
 8  2  6  7  0  1  3  9  6770 
 9  0  4  8  2  6  3  7  14729 
 4  7  9  8  3  2  1  6  24961 
 7  5  0  2  1  6  4  9  6912 
 0  3  1  8  4  5  9  2  40221 
 7  1  9  0  8  2  5  6  67475 
 5  1  7  4  0  6  8  2  857 
 9  4  8  2  5  3  7  0  38984 
 2  8  9  6  3  0  5  7  25033 
 5  8  0  9  2  7  6  1  18504 
 8  9  1  4  3  7  6  0  24507 
 5  1  0  6  4  2  7  8  32641 
 9  6  2  5  0  4  3  8  5793 
 1  6  4  5  2  0  7  9  16748 
 6  8  5  0  4  7  9  1  35933 
 5  2  6  0  8  7  4  3  73621 
 3  0  7  2  6  4  5  1  55179 
 4  9  6  0  7  3  2  1  61402 
 7  3  8  4  2  1  5  9  12302 
 8  0  7  4  3  1  9  2  20438 
 6  4  9  5  1  0  2  3  3424 
 7  5  6  0  4  8  1  3  36278 
 0  6  5  8  2  4  7  1  21427 
 0  8  5  6  7  2  3  9  64495 
 7  1  8  4  9  2  3  6  76401 
 6  3  5  1  9  2  8  7  76903 
 5  2  8  6  3  9  1  0  30622 
 6  2  3  7  5  1  0  9  39990 
 7  5  3  1  4  0  8  2  28736 
 6  0  4  1  8  3  9  5  68974 
 1  9  3  7  2  0  6  8  16392 
 3  4  0  7  1  6  9  8  10947 
 0  9  4  1  7  6  3  8  67918 
 9  3  0  8  1  4  7  6  3255 
 1  7  4  5  2  3  9  0  19328 
 5  4  8  9  2  3  0  1  16048 
 4  0  1  6  3  9  5  8  31142 
 2  7  8  9  1  5  0  3  11577 
 5  7  1  6  9  0  8  4  75371 
 5  7  4  2  9  6  1  8  81119 
 1  4  7  9  6  2  8  0  54977 
 3  6  9  0  5  7  1  4  48558 
 4  0  8  3  9  5  2  7  82204 
 0  5  2  3  9  6  8  1  86043 
 2  9  7  1  8  0  3  6  69786 
 9  6  2  0  7  5  8  3  58057 
 2  4  1  5  0  7  6  9  3970 
 4  6  8  5  9  3  2  7  79856 
 1  7  9  6  0  4  8  5  2692 
 0  3  5  6  2  7  1  9  24470 
 6  3  1  8  0  2  7  4  4457 
 4  6  1  9  3  0  5  8  22493 
 9  0  4  6  5  8  1  7  43551 
 2  5  3  9  8  1  0  4  70710 
 6  9  7  8  0  1  3  2  5325 
 7  1  9  3  0  2  8  6  4558 
 6  4  1  0  7  8  2  5  63911 
 7  3  9  2  8  1  6  5  66380 
 2  4  7  9  8  5  1  6  74753 
 2  1  5  0  7  9  3  6  69435 
 5  8  9  0  4  7  3  2  37354 
 7  0  3  4  9  1  2  8  75154 
Average: 37434
Max vector:  0  5  2  3  9  6  8  1 fitness 86043
Min vector:  7  8  4  3  0  9  5  6 fitness 685
Probability:
*0 - 10.75 per cent
*1 - 9.75 per cent
*2 - 10.12 per cent
*3 - 9.50 per cent
*4 - 9.38 per cent
*5 - 9.00 per cent
*6 - 10.00 per cent
*7 - 10.50 per cent
*8 - 10.50 per cent
*9 - 10.50 per cent

Tournament Method
The maximum element by Tournament Method 5325
 2  5  6  7  9  0  3  8  79056 
 7  2  5  8  0  4  6  1  3199 
 5  6  1  2  3  7  9  0  27752 
 7  8  0  1  6  9  4  2  54333 
 3  9  2  4  8  6  0  7  73764 
 6  9  8  3  0  2  5  7  4345 
 0  8  6  1  4  5  2  9  40300 
 3  8  2  0  5  7  6  9  47701 
 9  0  1  3  2  4  7  8  12625 
 8  6  2  0  1  4  9  7  4151 
 3  8  9  5  4  6  2  1  38458 
 3  5  2  9  8  4  6  7  72263 
 6  9  7  3  4  5  8  1  34229 
 2  3  4  8  6  0  7  1  52010 
 1  9  5  2  3  4  0  7  29236 
 4  0  8  7  5  2  6  9  43462 
 4  8  3  6  2  9  0  5  21641 
 6  0  8  5  3  9  2  7  29802 
 9  0  3  5  1  8  4  2  7427 
 0  3  9  7  1  2  5  4  11284 
 7  8  4  3  0  9  5  6  685 
 6  9  4  1  2  5  7  3  15973 
 3  5  1  2  6  7  4  8  56901 
 9  2  6  5  8  7  4  0  69613 
 6  4  5  3  2  0  8  7  12010 
 4  7  3  2  9  0  6  8  76579 
 8  5  6  7  1  9  4  2  9140 
 2  6  0  8  1  7  3  9  12725 
 8  4  0  6  3  2  7  1  20361 
 0  8  6  7  3  2  1  9  28604 
 0  3  4  1  8  6  9  2  77398 
 3  7  4  5  1  8  0  9  12927 
 7  5  0  1  2  8  4  3  17707 
 1  7  0  8  5  9  3  4  51429 
 3  1  4  0  6  9  8  7  59296 
 7  1  6  4  0  3  8  5  3930 
 1  9  0  8  7  4  2  5  64758 
 3  2  0  5  6  4  9  1  54324 
 8  2  6  7  0  1  3  9  6770 
 9  0  4  8  2  6  3  7  14729 
 4  7  9  8  3  2  1  6  24961 
 7  5  0  2  1  6  4  9  6912 
 0  3  1  8  4  5  9  2  40221 
 7  1  9  0  8  2  5  6  67475 
 5  1  7  4  0  6  8  2  857 
 9  4  8  2  5  3  7  0  38984 
 2  8  9  6  3  0  5  7  25033 
 5  8  0  9  2  7  6  1  18504 
 8  9  1  4  3  7  6  0  24507 
 5  1  0  6  4  2  7  8  32641 
 9  6  2  5  0  4  3  8  5793 
 1  6  4  5  2  0  7  9  16748 
 6  8  5  0  4  7  9  1  35933 
 5  2  6  0  8  7  4  3  73621 
 3  0  7  2  6  4  5  1  55179 
 4  9  6  0  7  3  2  1  61402 
 7  3  8  4  2  1  5  9  12302 
 8  0  7  4  3  1  9  2  20438 
 6  4  9  5  1  0  2  3  3424 
 7  5  6  0  4  8  1  3  36278 
 0  6  5  8  2  4  7  1  21427 
 0  8  5  6  7  2  3  9  64495 
 7  1  8  4  9  2  3  6  76401 
 6  3  5  1  9  2  8  7  76903 
 5  2  8  6  3  9  1  0  30622 
 6  2  3  7  5  1  0  9  39990 
 7  5  3  1  4  0  8  2  28736 
 6  0  4  1  8  3  9  5  68974 
 1  9  3  7  2  0  6  8  16392 
 3  4  0  7  1  6  9  8  10947 
 0  9  4  1  7  6  3  8  67918 
 9  3  0  8  1  4  7  6  3255 
 1  7  4  5  2  3  9  0  19328 
 5  4  8  9  2  3  0  1  16048 
 4  0  1  6  3  9  5  8  31142 
 2  7  8  9  1  5  0  3  11577 
 5  7  1  6  9  0  8  4  75371 
 5  7  4  2  9  6  1  8  81119 
 1  4  7  9  6  2  8  0  54977 
 3  6  9  0  5  7  1  4  48558 
 4  0  8  3  9  5  2  7  82204 
 0  5  2  3  9  6  8  1  86043 
 2  9  7  1  8  0  3  6  69786 
 9  6  2  0  7  5  8  3  58057 
 2  4  1  5  0  7  6  9  3970 
 4  6  8  5  9  3  2  7  79856 
 1  7  9  6  0  4  8  5  2692 
 0  3  5  6  2  7  1  9  24470 
 6  3  1  8  0  2  7  4  4457 
 4  6  1  9  3  0  5  8  22493 
 9  0  4  6  5  8  1  7  43551 
 2  5  3  9  8  1  0  4  70710 
 6  9  7  8  0  1  3  2  5325 
 7  1  9  3  0  2  8  6  4558 
 6  4  1  0  7  8  2  5  63911 
 7  3  9  2  8  1  6  5  66380 
 2  4  7  9  8  5  1  6  74753 
 2  1  5  0  7  9  3  6  69435 
 5  8  9  0  4  7  3  2  37354 
 7  0  3  4  9  1  2  8  75154 
Average: 37434
Max vector:  0  5  2  3  9  6  8  1 fitness 86043
Min vector:  7  8  4  3  0  9  5  6 fitness 685
Probability:
*0 - 10.75 per cent
*1 - 9.75 per cent
*2 - 10.12 per cent
*3 - 9.50 per cent
*4 - 9.38 per cent
*5 - 9.00 per cent
*6 - 10.00 per cent
*7 - 10.50 per cent
*8 - 10.50 per cent
*9 - 10.50 per cent

Tournament Method
The maximum element by Tournament Method 5325
 0  1  3  4  6  5  8  2  58597 
 1  2  5  4  8  9  6  7  79311 
 1  0  2  3  7  4  9  5  65692 
 6  9  1  2  3  4  8  0  23789 
 4  5  3  1  6  0  2  8  49802 
 9  8  7  1  0  4  2  3  5516 
 2  0  5  9  1  7  4  6  13707 
 8  2  4  1  3  5  0  7  23684 
 0  2  9  5  6  3  4  1  57284 
 0  8  4  7  2  6  5  1  22976 
 2  6  8  3  7  5  4  1  65632 
 3  5  6  0  1  7  8  4  12309 
 3  2  0  8  9  4  1  7  81407 
 0  7  6  2  3  1  5  4  27755 
 1  8  7  2  0  5  6  3  3343 
 0  7  3  2  8  4  5  6  75187 
 5  3  2  1  0  8  9  4  2020 
 1  7  8  0  9  3  6  5  82728 
 8  1  0  4  5  3  6  9  39554 
 9  5  0  2  3  4  1  8  21141 
 6  8  7  1  0  3  4  9  3430 
 9  2  4  7  5  8  1  0  43361 
 7  4  6  9  3  8  2  5  27352 
 4  8  0  1  6  7  5  9  55530 
 6  8  7  1  4  3  5  0  32551 
 0  7  3  6  8  9  1  4  79721 
 8  2  5  7  3  4  0  9  22870 
 9  4  8  0  1  5  3  2  4828 
 8  0  5  9  7  2  3  6  57217 
 9  3  4  0  1  7  5  6  6343 
 5  0  8  7  1  4  9  6  8229 
 6  0  9  5  3  2  8  1  23526 
 5  6  2  8  7  4  3  1  61197 
 5  3  2  1  0  4  9  6  1578 
 0  3  1  8  5  6  9  2  50121 
 9  6  8  3  1  7  4  5  6436 
 9  7  3  1  6  0  8  4  44556 
 6  3  5  9  8  0  1  2  66160 
 5  7  4  0  8  3  2  9  69412 
 7  0  1  6  8  2  5  9  66843 
 6  0  7  9  3  5  1  4  26115 
 5  9  2  6  1  8  4  3  10518 
 0  9  1  7  8  2  5  4  73018 
 2  0  3  5  6  9  4  7  60332 
 0  5  3  4  2  8  9  1  24922 
 9  0  1  5  6  3  4  7  47752 
 3  0  4  9  5  2  7  6  44087 
 9  4  5  1  6  3  0  8  47793 
 2  5  7  0  8  9  6  1  78216 
 3  1  8  0  2  5  7  9  20068 
 0  2  1  9  5  7  8  6  51125 
 2  6  9  1  0  5  7  3  2696 
 7  8  3  2  4  9  0  1  36641 
 2  7  6  0  5  8  1  3  50096 
 7  9  1  6  3  4  2  5  22850 
 4  5  3  8  6  9  2  0  57887 
 4  2  8  9  1  0  6  7  5476 
 9  4  3  8  2  6  1  7  14295 
 5  0  7  9  3  4  6  1  26162 
 7  8  6  2  4  3  9  0  31420 
 1  8  0  3  2  9  4  5  24334 
 6  0  3  7  8  4  5  1  69814 
 6  3  7  5  0  1  2  9  4759 
 6  5  2  8  4  1  9  7  30534 
 6  5  9  4  2  1  3  7  13228 
 8  7  3  9  2  0  6  4  9568 
 2  5  9  8  3  6  7  0  30677 
 8  9  6  0  2  1  4  3  10584 
 1  2  9  5  4  3  7  0  38253 
 7  6  8  2  1  4  3  5  5747 
 9  0  2  1  7  5  8  6  58605 
 9  5  8  3  6  7  1  0  51552 
 0  9  7  1  5  8  2  3  51993 
 9  1  6  3  7  4  5  8  58004 
 4  3  2  6  9  8  0  7  84108 
 7  2  5  1  6  8  3  9  54446 
 4  6  3  8  2  9  0  1  21817 
 9  0  5  2  3  1  6  7  19295 
 4  3  9  7  1  8  5  6  12686 
 0  9  5  8  3  2  1  6  28419 
 0  7  9  2  5  8  1  6  52367 
 7  2  8  0  5  3  6  4  41182 
 2  7  0  9  5  8  4  6  49520 
 1  3  8  7  2  5  0  4  21944 
 2  0  6  7  8  5  9  3  74946 
 3  4  5  0  6  8  7  9  58225 
 0  5  4  9  2  8  7  3  25029 
 4  1  2  8  6  7  3  9  56360 
 5  9  3  6  1  2  0  7  5252 
 0  6  9  7  2  1  3  4  19131 
 8  5  2  6  9  1  4  0  73579 
 7  3  6  1  4  2  0  5  31071 
 2  8  7  0  1  9  3  5  14977 
 3  7  5  2  9  0  4  8  77779 
 3  2  0  1  6  5  8  7  55244 
 4  9  3  7  0  6  2  5  829 
 4  2  8  7  5  6  1  3  46924 
 9  4  1  8  2  5  3  0  13188 
 4  9  5  0  7  6  8  2  63953 
 3  7  9  8  0  1  5  4  1981 
Average: 37360
Max vector:  4  3  2  6  9  8  0  7 fitness 84108
Min vector:  4  9  3  7  0  6  2  5 fitness 829
Probability:
*0 - 10.50 per cent
*1 - 10.00 per cent
*2 - 9.88 per cent
*3 - 10.38 per cent
*4 - 9.38 per cent
*5 - 10.50 per cent
*6 - 9.62 per cent
*7 - 9.75 per cent
*8 - 9.88 per cent
*9 - 10.12 per cent

Tournament Method
The maximum element by Tournament Method 58597


