
Numeros ensaiados

  1 1 1   
1       1 
1       1 
1       1 
1       1 
  1 1 1   

    1     
  1 1     
    1     
    1     
    1     
1 1 1 1 1 

  1 1 1   
  1   1   
      1   
    1     
  1       
1 1 1 1 1 

  1 1 1 1 
        1 
  1 1 1 1 
        1 
        1 
  1 1 1 1 

1     1   
1     1   
1     1   
1 1 1 1   
      1   
      1   

  1 1 1 1 
  1       
  1 1 1 1 
        1 
        1 
  1 1 1 1 
Numero de epocas:6
Numero verificado:

  1 1 1   
1       1 
1       1 
1       1 
1       1 
  1 1 1   
 The answer is correct: 1

    1     
  1 1     
    1     
    1     
    1     
1 1 1 1 1 
 The answer is correct: 0

  1 1 1   
1       1 
1       1 
1       1 
1       1 
  1 1 1   
 The answer is correct: 0

    1     
  1 1     
    1     
    1     
    1     
1 1 1 1 1 
 The answer is correct: 1
 Neuronio: 0
W: -1 -1 1 0 0 -1 1 -1 -1 -1 1 1 -1 -2 -2 1 1 -1 -2 -1 1 2 0 -1 -1 1 -1 0 0 -1 -2 0 0 -1 0 -1 0 0 0 1 -1 0 0 0 1 -1 0 0 0 0 0 0 0 -1 1 0 0 0 0 0 0 0 -1 -1 0 0 -1 -2 -1 1 0 1 -1 -1 -2 -2 -1 -2 -1 -1 1 -1 -2 0 2 0 -1 -2 2 0 0 -1 0 -1 -1 0 0 -1 0 -1 -5 0 -1 5 -1 0 0 -1 0 -1 -1 -1 -1 0 0 0 0 -1 0 0 0 0 -1 0 0 1 -1 -1 0 -1 1 -1 0 1 0 1 -1 -1 0 -1 1 1 1 1 -1 0 0 0 1 -1 0 -1 -1 0 -1 -1 0 0 -1 0 2 -1 3 -1 -1 -4 -1 2 1 1 1 -1 0 -2 0 1 -1 -1 -1 0 1 -2 -1 -1 -1 0 
 Neuronio: 1
W: -1 -1 1 0 0 -1 1 -1 -1 -1 1 1 -1 -2 -2 1 1 -1 -2 -1 1 2 0 -1 -1 1 -1 0 0 -1 -2 0 0 -1 0 -1 0 0 0 1 -1 0 0 0 1 -1 0 0 0 0 0 0 0 -1 1 0 0 0 0 0 0 0 -1 -1 0 0 -1 -2 -1 1 0 1 -1 -1 -2 -2 -1 -2 -1 -1 1 -1 -2 0 2 0 -1 -2 2 0 0 -1 0 -1 -1 0 0 -1 0 -1 -5 0 -1 5 -1 0 0 -1 0 -1 -1 -1 -1 0 0 0 0 -1 0 0 0 0 -1 0 0 1 -1 -1 0 -1 1 -1 0 1 0 1 -1 -1 0 -1 1 1 1 1 -1 0 0 0 1 -1 0 -1 -1 0 -1 -1 0 0 -1 0 2 -1 3 -1 -1 -4 -1 2 1 1 1 -1 0 -2 0 1 -1 -1 -1 0 1 -2 -1 -1 -1 0 
